111111100101000100001100001111111
100000100100001000011001001000001
101110100001000011111110001011101
101110100001111100101011001011101
101110100011111001100111101011101
100000100101100100100111001000001
111111101010101010101010101111111
000000000011101111100000000000000
000000100001011001110011100000000
110110000010010000010001011110011
111000111100010010110101000100110
011101011100001010101100101011011
100000101011000000100010101110011
100010000001001100001001001101110
101010111100100100101010011000111
101101001110111000001100101110110
100101100100010101110000010001101
101101000001010111100100110000110
001101101001101111001010011011000
010010010110001110100100000001011
000110110001101000111011000011100
101100011111100101011011100000110
101011110001111011110101110001110
110111001001001110110100011011000
111111111011100000101111000001010
000000000110011101110111000101111
111111100100011100111000000100000
100000100010110001011000111101000
101110100110001101011010111100100
101110100101001011010011001000010
101110100001110001001011111000010
100000100110011110010110111010101
111111100010010011110111100000111
